1.300000000000000000e+03
1.925000000000000000e+04
1.920000000000000000e+04
1.800000000000000000e+04
1.905000000000000000e+04
3.500000000000000000e+02
6.000000000000000000e+02
2.750000000000000000e+03
1.700000000000000000e+04
1.870000000000000000e+04
1.710000000000000000e+04
1.745000000000000000e+04
3.600000000000000000e+03
1.915000000000000000e+04
1.945000000000000000e+04
3.400000000000000000e+03
1.050000000000000000e+03
1.900000000000000000e+04
1.645000000000000000e+04
2.850000000000000000e+03
